8This file contains all bean cultivars used by Phenology MMS. the format is
      as follows:

*** 
<Variety name>
GDD,<StoE>,<EtoCotyledonaryLvs>,<VCto1stTrifoliateLf>,<V1to2ndTrifoliateLf>,<V2to3rdTrifoliateLf>,<V3to4thTrifoliateLf>,<V4toBloom>,<R1toMidFullFlower>,<R2toEarlyPodSet>,<R3toMidPodSet>,<R4toEarlySeedFill>,<R5toMidSeedFill>,<R6toM>,<R7toHR>
GDDstress,<StoE>,<EtoCotyledonaryLvs>,<VCto1stTrifoliateLf>,<V1to2ndTrifoliateLf>,<V2to3rdTrifoliateLf>,<V3to4thTrifoliateLf>,<V4toBloom>,<R1toMidFullFlower>,<R2toEarlyPodSet>,<R3toMidPodSet>,<R4toEarlySeedFill>,<R5toMidSeedFill>,<R6toM>,<R7toHR>
LVS,<StoE>,<EtoCotyledonaryLvs>,<VCto1stTrifoliateLf>,<V1to2ndTrifoliateLf>,<V2to3rdTrifoliateLf>,<V3to4thTrifoliateLf>,<V4toBloom>,<R1toMidFullFlower>,<R2toEarlyPodSet>,<R3toMidPodSet>,<R4toEarlySeedFill>,<R5toMidSeedFill>,<R6toM>,<R7toHR>
LVSstress,<StoE>,<EtoCotyledonaryLvs>,<VCto1stTrifoliateLf>,<V1to2ndTrifoliateLf>,<V2to3rdTrifoliateLf>,<V3to4thTrifoliateLf>,<V4toBloom>,<R1toMidFullFlower>,<R2toEarlyPodSet>,<R3toMidPodSet>,<R4toEarlySeedFill>,<R5toMidSeedFill>,<R6toM>,<R7toHR>
THREE ***  THE DATA BEGIN BELOW THIS LINE!!!


The data will be read after the line that contains 3 asterisks (***), which separates
each variety.

The line following the 3 asterisks line gives the variety name.

The next four lines give either the unstressed growing degree-days (first line), stressed
growing degree-days (second line), unstressed number of leaves (third line), or stressed
number of leaves (fourth line) for each of the intervals.

Each variety is separated by three asterisks.


***
Generic
GDD,        50,  20,  15,  25,  30,  25, 125,  60,  48,  50,  90,  70, 125,  60
GDDstress,  50,  20,  15,  25,  30,  25, 125,  55,  45,  48,  90,  70, 125,  60
LVS,       1.6, 0.6, 0.5, 0.8, 0.9, 0.8, 3.9, 1.9, 1.5, 1.6, 2.8, 2.2, 3.9, 1.9
LVSstress, 1.6, 0.6, 0.5, 0.8, 0.9, 0.8, 3.9, 1.7, 1.4, 1.5, 2.8, 2.2, 3.9, 1.9
***
Early Maturity
GDD,        50,   20,  15,  25,  30,  25, 100,  50,  42,  45,  85,  65,  90,  60 
GDDstress,  50,   20,  15,  25,  30,  25, 100,  40,  38,  40,  85,  65,  90,  60 
LVS,       1.6,  0.6, 0.5, 0.8, 0.9, 0.8, 3.1, 1.6, 1.3, 1.4, 2.7, 2.0, 2.8, 1.9
LVSstress, 1.6,  0.6, 0.5, 0.8, 0.9, 0.8, 3.1, 1.3, 1.2, 1.3, 2.7, 2.0, 2.8, 1.9
***
Medium Maturity
GDD,        50,  20,  15,  25,  30,  25, 125,  60,  48,  50,  90,  70,  125,  60
GDDstress,  50,  20,  15,  25,  30,  25, 125,  55,  45,  48,  90,  70,  125,  60
LVS,       1.6, 0.6, 0.5, 0.8, 0.9, 0.8, 3.9, 1.9, 1.5, 1.6, 2.8, 2.2,  3.9, 1.9
LVSstress, 1.6, 0.6, 0.5, 0.8, 0.9, 0.8, 3.9, 1.7, 1.4, 1.5, 2.8, 2.2,  3.9, 1.9
***
Late Maturity
GDD,        50,  20,  15,  25,  30,  25, 150,  70,  52,  55,  95,  75,  160,  60
GDDstress,  50,  20,  15,  25,  30,  25, 150,  65,  50,  50,  95,  75,  160,  60
LVS,       1.6, 0.6, 0.5, 0.8, 0.9, 0.8, 4.7, 2.2, 1.6, 1.7, 3.0, 2.3,  5.0, 1.9
LVSstress, 1.6, 0.6, 0.5, 0.8, 0.9, 0.8, 4.7, 2.0, 1.6, 1.6, 3.0, 2.3,  5.0, 1.9
***
Apache (Pinto,V,M)
GDD,        50,  20,  15,  25,  30,  25, 125,  60,  48,  50,  90,  70, 125,  60
GDDstress,  50,  20,  15,  25,  30,  25, 125,  55,  45,  48,  90,  70, 125,  60
LVS,       1.6, 0.6, 0.5, 0.8, 0.9, 0.8, 3.9, 1.9, 1.5, 1.6, 2.8, 2.2, 3.9, 1.9
LVSstress, 1.6, 0.6, 0.5, 0.8, 0.9, 0.8, 3.9, 1.7, 1.4, 1.5, 2.8, 2.2, 3.9, 1.9
***
Bill Z (Pinto,V,L)
GDD,        50,  20,  15,  25,  30,  25, 150,  70,  52,  55,  95,  75,  160,  60
GDDstress,  50,  20,  15,  25,  30,  25, 150,  65,  50,  50,  95,  75,  160,  60
LVS,       1.6, 0.6, 0.5, 0.8, 0.9, 0.8, 4.7, 2.2, 1.6, 1.7, 3.0, 2.3,  5.0, 1.9
LVSstress, 1.6, 0.6, 0.5, 0.8, 0.9, 0.8, 4.7, 2.0, 1.6, 1.6, 3.0, 2.3,  5.0, 1.9
***
Buckskin (Pinto,SU,L)
GDD,        50,  20,  15,  25,  30,  25, 150,  70,  52,  55,  95,  75,  160,  60
GDDstress,  50,  20,  15,  25,  30,  25, 150,  65,  50,  50,  95,  75,  160,  60
LVS,       1.6, 0.6, 0.5, 0.8, 0.9, 0.8, 4.7, 2.2, 1.6, 1.7, 3.0, 2.3,  5.0, 1.9
LVSstress, 1.6, 0.6, 0.5, 0.8, 0.9, 0.8, 4.7, 2.0, 1.6, 1.6, 3.0, 2.3,  5.0, 1.9
***
Burke (Pinto,SU/V,L)
GDD,        50,  20,  15,  25,  30,  25, 150,  70,  52,  55,  95,  75,  160,  60
GDDstress,  50,  20,  15,  25,  30,  25, 150,  65,  50,  50,  95,  75,  160,  60
LVS,       1.6, 0.6, 0.5, 0.8, 0.9, 0.8, 4.7, 2.2, 1.6, 1.7, 3.0, 2.3,  5.0, 1.9
LVSstress, 1.6, 0.6, 0.5, 0.8, 0.9, 0.8, 4.7, 2.0, 1.6, 1.6, 3.0, 2.3,  5.0, 1.9
***
Buster (Pinto,V,L)
GDD,        50,  20,  15,  25,  30,  25, 150,  70,  52,  55,  95,  75,  160,  60
GDDstress,  50,  20,  15,  25,  30,  25, 150,  65,  50,  50,  95,  75,  160,  60
LVS,       1.6, 0.6, 0.5, 0.8, 0.9, 0.8, 4.7, 2.2, 1.6, 1.7, 3.0, 2.3,  5.0, 1.9
LVSstress, 1.6, 0.6, 0.5, 0.8, 0.9, 0.8, 4.7, 2.0, 1.6, 1.6, 3.0, 2.3,  5.0, 1.9
***
Chase (Pinto,V,L)
GDD,        50,  20,  15,  25,  30,  25, 150,  70,  52,  55,  95,  75,  160,  60
GDDstress,  50,  20,  15,  25,  30,  25, 150,  65,  50,  50,  95,  75,  160,  60
LVS,       1.6, 0.6, 0.5, 0.8, 0.9, 0.8, 4.7, 2.2, 1.6, 1.7, 3.0, 2.3,  5.0, 1.9
LVSstress, 1.6, 0.6, 0.5, 0.8, 0.9, 0.8, 4.7, 2.0, 1.6, 1.6, 3.0, 2.3,  5.0, 1.9
***
Cisco (Pinto,V,L)
GDD,        50,  20,  15,  25,  30,  25, 150,  70,  52,  55,  95,  75,  160,  60
GDDstress,  50,  20,  15,  25,  30,  25, 150,  65,  50,  50,  95,  75,  160,  60
LVS,       1.6, 0.6, 0.5, 0.8, 0.9, 0.8, 4.7, 2.2, 1.6, 1.7, 3.0, 2.3,  5.0, 1.9
LVSstress, 1.6, 0.6, 0.5, 0.8, 0.9, 0.8, 4.7, 2.0, 1.6, 1.6, 3.0, 2.3,  5.0, 1.9
***
Frontier (Pinto,SU,F)
GDD,        50,  20,  15,  25,  30,  25, 125,  60,  48,  50,  90,  70, 125,  60
GDDstress,  50,  20,  15,  25,  30,  25, 125,  55,  45,  48,  90,  70, 125,  60
LVS,       1.6, 0.6, 0.5, 0.8, 0.9, 0.8, 3.9, 1.9, 1.5, 1.6, 2.8, 2.2, 3.9, 1.9
LVSstress, 1.6, 0.6, 0.5, 0.8, 0.9, 0.8, 3.9, 1.7, 1.4, 1.5, 2.8, 2.2, 3.9, 1.9
***
GTS 900 (Pinto,V,L)
GDD,        50,  20,  15,  25,  30,  25, 150,  70,  52,  55,  95,  75,  160,  60
GDDstress,  50,  20,  15,  25,  30,  25, 150,  65,  50,  50,  95,  75,  160,  60
LVS,       1.6, 0.6, 0.5, 0.8, 0.9, 0.8, 4.7, 2.2, 1.6, 1.7, 3.0, 2.3,  5.0, 1.9
LVSstress, 1.6, 0.6, 0.5, 0.8, 0.9, 0.8, 4.7, 2.0, 1.6, 1.6, 3.0, 2.3,  5.0, 1.9
***
Maverick (Pinto,SU,F)
GDD,        50,  20,  15,  25,  30,  25, 125,  60,  48,  50,  90,  70, 125,  60
GDDstress,  50,  20,  15,  25,  30,  25, 125,  55,  45,  48,  90,  70, 125,  60
LVS,       1.6, 0.6, 0.5, 0.8, 0.9, 0.8, 3.9, 1.9, 1.5, 1.6, 2.8, 2.2, 3.9, 1.9
LVSstress, 1.6, 0.6, 0.5, 0.8, 0.9, 0.8, 3.9, 1.7, 1.4, 1.5, 2.8, 2.2, 3.9, 1.9
***
Montrose (Pinto,V,F)
GDD,        50,  20,  15,  25,  30,  25, 125,  60,  48,  50,  90,  70, 125,  60
GDDstress,  50,  20,  15,  25,  30,  25, 125,  55,  45,  48,  90,  70, 125,  60
LVS,       1.6, 0.6, 0.5, 0.8, 0.9, 0.8, 3.9, 1.9, 1.5, 1.6, 2.8, 2.2, 3.9, 1.9
LVSstress, 1.6, 0.6, 0.5, 0.8, 0.9, 0.8, 3.9, 1.7, 1.4, 1.5, 2.8, 2.2, 3.9, 1.9
***
NW 410 (Pinto,V,F)
GDD,        50,  20,  15,  25,  30,  25, 125,  60,  48,  50,  90,  70, 125,  60
GDDstress,  50,  20,  15,  25,  30,  25, 125,  55,  45,  48,  90,  70, 125,  60
LVS,       1.6, 0.6, 0.5, 0.8, 0.9, 0.8, 3.9, 1.9, 1.5, 1.6, 2.8, 2.2, 3.9, 1.9
LVSstress, 1.6, 0.6, 0.5, 0.8, 0.9, 0.8, 3.9, 1.7, 1.4, 1.5, 2.8, 2.2, 3.9, 1.9
***
Odyssey (Pinto,V,M)
GDD,        50,  20,  15,  25,  30,  25, 125,  60,  48,  50,  90,  70, 125,  60
GDDstress,  50,  20,  15,  25,  30,  25, 125,  55,  45,  48,  90,  70, 125,  60
LVS,       1.6, 0.6, 0.5, 0.8, 0.9, 0.8, 3.9, 1.9, 1.5, 1.6, 2.8, 2.2, 3.9, 1.9
LVSstress, 1.6, 0.6, 0.5, 0.8, 0.9, 0.8, 3.9, 1.7, 1.4, 1.5, 2.8, 2.2, 3.9, 1.9
***
Olathe (Pinto,SV,F)
GDD,        50,  20,  15,  25,  30,  25, 125,  60,  48,  50,  90,  70, 125,  60
GDDstress,  50,  20,  15,  25,  30,  25, 125,  55,  45,  48,  90,  70, 125,  60
LVS,       1.6, 0.6, 0.5, 0.8, 0.9, 0.8, 3.9, 1.9, 1.5, 1.6, 2.8, 2.2, 3.9, 1.9
LVSstress, 1.6, 0.6, 0.5, 0.8, 0.9, 0.8, 3.9, 1.7, 1.4, 1.5, 2.8, 2.2, 3.9, 1.9
***
Othello (Pinto,SU,E)
GDD,        50,   20,  15,  25,  30,  25, 100,  50,  42,  45,  85,  65,  90,  60 
GDDstress,  50,   20,  15,  25,  30,  25, 100,  40,  38,  40,  85,  65,  90,  60 
LVS,       1.6,  0.6, 0.5, 0.8, 0.9, 0.8, 3.1, 1.6, 1.3, 1.4, 2.7, 2.0, 2.8, 1.9
LVSstress, 1.6,  0.6, 0.5, 0.8, 0.9, 0.8, 3.1, 1.3, 1.2, 1.3, 2.7, 2.0, 2.8, 1.9
***
Pinata (Pinto,SV,E)
GDD,        50,   20,  15,  25,  30,  25, 100,  50,  42,  45,  85,  65,  90,  60 
GDDstress,  50,   20,  15,  25,  30,  25, 100,  40,  38,  40,  85,  65,  90,  60 
LVS,       1.6,  0.6, 0.5, 0.8, 0.9, 0.8, 3.1, 1.6, 1.3, 1.4, 2.7, 2.0, 2.8, 1.9
LVSstress, 1.6,  0.6, 0.5, 0.8, 0.9, 0.8, 3.1, 1.3, 1.2, 1.3, 2.7, 2.0, 2.8, 1.9
***
Poncho (Pinto,V,F)
GDD,        50,  20,  15,  25,  30,  25, 125,  60,  48,  50,  90,  70, 125,  60
GDDstress,  50,  20,  15,  25,  30,  25, 125,  55,  45,  48,  90,  70, 125,  60
LVS,       1.6, 0.6, 0.5, 0.8, 0.9, 0.8, 3.9, 1.9, 1.5, 1.6, 2.8, 2.2, 3.9, 1.9
LVSstress, 1.6, 0.6, 0.5, 0.8, 0.9, 0.8, 3.9, 1.7, 1.4, 1.5, 2.8, 2.2, 3.9, 1.9
***
Rally (Pinto,U,L)
GDD,        50,  20,  15,  25,  30,  25, 150,  70,  52,  55,  95,  75,  160,  60
GDDstress,  50,  20,  15,  25,  30,  25, 150,  65,  50,  50,  95,  75,  160,  60
LVS,       1.6, 0.6, 0.5, 0.8, 0.9, 0.8, 4.7, 2.2, 1.6, 1.7, 3.0, 2.3,  5.0, 1.9
LVSstress, 1.6, 0.6, 0.5, 0.8, 0.9, 0.8, 4.7, 2.0, 1.6, 1.6, 3.0, 2.3,  5.0, 1.9
***
Remington (Pinto,SV,F)
GDD,        50,  20,  15,  25,  30,  25, 125,  60,  48,  50,  90,  70, 125,  60
GDDstress,  50,  20,  15,  25,  30,  25, 125,  55,  45,  48,  90,  70, 125,  60
LVS,       1.6, 0.6, 0.5, 0.8, 0.9, 0.8, 3.9, 1.9, 1.5, 1.6, 2.8, 2.2, 3.9, 1.9
LVSstress, 1.6, 0.6, 0.5, 0.8, 0.9, 0.8, 3.9, 1.7, 1.4, 1.5, 2.8, 2.2, 3.9, 1.9
***
UI 320 (Pinto,V,F)
GDD,        50,  20,  15,  25,  30,  25, 125,  60,  48,  50,  90,  70, 125,  60
GDDstress,  50,  20,  15,  25,  30,  25, 125,  55,  45,  48,  90,  70, 125,  60
LVS,       1.6, 0.6, 0.5, 0.8, 0.9, 0.8, 3.9, 1.9, 1.5, 1.6, 2.8, 2.2, 3.9, 1.9
LVSstress, 1.6, 0.6, 0.5, 0.8, 0.9, 0.8, 3.9, 1.7, 1.4, 1.5, 2.8, 2.2, 3.9, 1.9
***
Vision (Pinto,SU,F)
GDD,        50,  20,  15,  25,  30,  25, 125,  60,  48,  50,  90,  70, 125,  60
GDDstress,  50,  20,  15,  25,  30,  25, 125,  55,  45,  48,  90,  70, 125,  60
LVS,       1.6, 0.6, 0.5, 0.8, 0.9, 0.8, 3.9, 1.9, 1.5, 1.6, 2.8, 2.2, 3.9, 1.9
LVSstress, 1.6, 0.6, 0.5, 0.8, 0.9, 0.8, 3.9, 1.7, 1.4, 1.5, 2.8, 2.2, 3.9, 1.9
***
Winchester (Pinto,V,F)
GDD,        50,  20,  15,  25,  30,  25, 125,  60,  48,  50,  90,  70, 125,  60
GDDstress,  50,  20,  15,  25,  30,  25, 125,  55,  45,  48,  90,  70, 125,  60
LVS,       1.6, 0.6, 0.5, 0.8, 0.9, 0.8, 3.9, 1.9, 1.5, 1.6, 2.8, 2.2, 3.9, 1.9
LVSstress, 1.6, 0.6, 0.5, 0.8, 0.9, 0.8, 3.9, 1.7, 1.4, 1.5, 2.8, 2.2, 3.9, 1.9
***
Beryl (Great Northern,V,L)
GDD,        50,  20,  15,  25,  30,  25, 150,  70,  52,  55,  95,  75,  160,  60
GDDstress,  50,  20,  15,  25,  30,  25, 150,  65,  50,  50,  95,  75,  160,  60
LVS,       1.6, 0.6, 0.5, 0.8, 0.9, 0.8, 4.7, 2.2, 1.6, 1.7, 3.0, 2.3,  5.0, 1.9
LVSstress, 1.6, 0.6, 0.5, 0.8, 0.9, 0.8, 4.7, 2.0, 1.6, 1.6, 3.0, 2.3,  5.0, 1.9
***
Big Horn (Great Northern,U,F)
GDD,        50,  20,  15,  25,  30,  25, 125,  60,  48,  50,  90,  70, 125,  60
GDDstress,  50,  20,  15,  25,  30,  25, 125,  55,  45,  48,  90,  70, 125,  60
LVS,       1.6, 0.6, 0.5, 0.8, 0.9, 0.8, 3.9, 1.9, 1.5, 1.6, 2.8, 2.2, 3.9, 1.9
LVSstress, 1.6, 0.6, 0.5, 0.8, 0.9, 0.8, 3.9, 1.7, 1.4, 1.5, 2.8, 2.2, 3.9, 1.9
***
Ivory (Great Northern,V,M)
GDD,        50,  20,  15,  25,  30,  25, 125,  60,  48,  50,  90,  70, 125,  60
GDDstress,  50,  20,  15,  25,  30,  25, 125,  55,  45,  48,  90,  70, 125,  60
LVS,       1.6, 0.6, 0.5, 0.8, 0.9, 0.8, 3.9, 1.9, 1.5, 1.6, 2.8, 2.2, 3.9, 1.9
LVSstress, 1.6, 0.6, 0.5, 0.8, 0.9, 0.8, 3.9, 1.7, 1.4, 1.5, 2.8, 2.2, 3.9, 1.9
***
Marquis (Great Northern,V,L)
GDD,        50,  20,  15,  25,  30,  25, 150,  70,  52,  55,  95,  75,  160,  60
GDDstress,  50,  20,  15,  25,  30,  25, 150,  65,  50,  50,  95,  75,  160,  60
LVS,       1.6, 0.6, 0.5, 0.8, 0.9, 0.8, 4.7, 2.2, 1.6, 1.7, 3.0, 2.3,  5.0, 1.9
LVSstress, 1.6, 0.6, 0.5, 0.8, 0.9, 0.8, 4.7, 2.0, 1.6, 1.6, 3.0, 2.3,  5.0, 1.9
***
Matterhorn (Great Northern,U,L)
GDD,        50,  20,  15,  25,  30,  25, 150,  70,  52,  55,  95,  75,  160,  60
GDDstress,  50,  20,  15,  25,  30,  25, 150,  65,  50,  50,  95,  75,  160,  60
LVS,       1.6, 0.6, 0.5, 0.8, 0.9, 0.8, 4.7, 2.2, 1.6, 1.7, 3.0, 2.3,  5.0, 1.9
LVSstress, 1.6, 0.6, 0.5, 0.8, 0.9, 0.8, 4.7, 2.0, 1.6, 1.6, 3.0, 2.3,  5.0, 1.9
***
UI 425 (Great Northern,V,L)
GDD,        50,  20,  15,  25,  30,  25, 150,  70,  52,  55,  95,  75,  160,  60
GDDstress,  50,  20,  15,  25,  30,  25, 150,  65,  50,  50,  95,  75,  160,  60
LVS,       1.6, 0.6, 0.5, 0.8, 0.9, 0.8, 4.7, 2.2, 1.6, 1.7, 3.0, 2.3,  5.0, 1.9
LVSstress, 1.6, 0.6, 0.5, 0.8, 0.9, 0.8, 4.7, 2.0, 1.6, 1.6, 3.0, 2.3,  5.0, 1.9
***
UI 465 (Great Northern,V,M)
GDD,        50,  20,  15,  25,  30,  25, 125,  60,  48,  50,  90,  70, 125,  60
GDDstress,  50,  20,  15,  25,  30,  25, 125,  55,  45,  48,  90,  70, 125,  60
LVS,       1.6, 0.6, 0.5, 0.8, 0.9, 0.8, 3.9, 1.9, 1.5, 1.6, 2.8, 2.2, 3.9, 1.9
LVSstress, 1.6, 0.6, 0.5, 0.8, 0.9, 0.8, 3.9, 1.7, 1.4, 1.5, 2.8, 2.2, 3.9, 1.9
***
Weihing (Great Northern,V,F)
GDD,        50,  20,  15,  25,  30,  25, 125,  60,  48,  50,  90,  70, 125,  60
GDDstress,  50,  20,  15,  25,  30,  25, 125,  55,  45,  48,  90,  70, 125,  60
LVS,       1.6, 0.6, 0.5, 0.8, 0.9, 0.8, 3.9, 1.9, 1.5, 1.6, 2.8, 2.2, 3.9, 1.9
LVSstress, 1.6, 0.6, 0.5, 0.8, 0.9, 0.8, 3.9, 1.7, 1.4, 1.5, 2.8, 2.2, 3.9, 1.9
***
Carman (Small Red,V,M)
GDD,        50,  20,  15,  25,  30,  25, 125,  60,  48,  50,  90,  70, 125,  60
GDDstress,  50,  20,  15,  25,  30,  25, 125,  55,  45,  48,  90,  70, 125,  60
LVS,       1.6, 0.6, 0.5, 0.8, 0.9, 0.8, 3.9, 1.9, 1.5, 1.6, 2.8, 2.2, 3.9, 1.9
LVSstress, 1.6, 0.6, 0.5, 0.8, 0.9, 0.8, 3.9, 1.7, 1.4, 1.5, 2.8, 2.2, 3.9, 1.9
***
Harold (Pink,V,F)                                                  
GDD,        50,  20,  15,  25,  30,  25, 125,  60,  48,  50,  90,  70, 125,  60
GDDstress,  50,  20,  15,  25,  30,  25, 125,  55,  45,  48,  90,  70, 125,  60
LVS,       1.6, 0.6, 0.5, 0.8, 0.9, 0.8, 3.9, 1.9, 1.5, 1.6, 2.8, 2.2, 3.9, 1.9
LVSstress, 1.6, 0.6, 0.5, 0.8, 0.9, 0.8, 3.9, 1.7, 1.4, 1.5, 2.8, 2.2, 3.9, 1.9
***                                                                            
ISB 473 (Pink,V,M)
GDD,        50,  20,  15,  25,  30,  25, 125,  60,  48,  50,  90,  70, 125,  60
GDDstress,  50,  20,  15,  25,  30,  25, 125,  55,  45,  48,  90,  70, 125,  60
LVS,       1.6, 0.6, 0.5, 0.8, 0.9, 0.8, 3.9, 1.9, 1.5, 1.6, 2.8, 2.2, 3.9, 1.9
LVSstress, 1.6, 0.6, 0.5, 0.8, 0.9, 0.8, 3.9, 1.7, 1.4, 1.5, 2.8, 2.2, 3.9, 1.9
***
Le Baron (Small Red,U,F)                                                
GDD,        50,  20,  15,  25,  30,  25, 125,  60,  48,  50,  90,  70, 125,  60
GDDstress,  50,  20,  15,  25,  30,  25, 125,  55,  45,  48,  90,  70, 125,  60
LVS,       1.6, 0.6, 0.5, 0.8, 0.9, 0.8, 3.9, 1.9, 1.5, 1.6, 2.8, 2.2, 3.9, 1.9
LVSstress, 1.6, 0.6, 0.5, 0.8, 0.9, 0.8, 3.9, 1.7, 1.4, 1.5, 2.8, 2.2, 3.9, 1.9
***
Merlot (Small Red,U,F)
GDD,        50,  20,  15,  25,  30,  25, 125,  60,  48,  50,  90,  70, 125,  60
GDDstress,  50,  20,  15,  25,  30,  25, 125,  55,  45,  48,  90,  70, 125,  60
LVS,       1.6, 0.6, 0.5, 0.8, 0.9, 0.8, 3.9, 1.9, 1.5, 1.6, 2.8, 2.2, 3.9, 1.9
LVSstress, 1.6, 0.6, 0.5, 0.8, 0.9, 0.8, 3.9, 1.7, 1.4, 1.5, 2.8, 2.2, 3.9, 1.9
***
NW 63 (Small Red,V,F)
GDD,        50,  20,  15,  25,  30,  25, 125,  60,  48,  50,  90,  70, 125,  60
GDDstress,  50,  20,  15,  25,  30,  25, 125,  55,  45,  48,  90,  70, 125,  60
LVS,       1.6, 0.6, 0.5, 0.8, 0.9, 0.8, 3.9, 1.9, 1.5, 1.6, 2.8, 2.2, 3.9, 1.9
LVSstress, 1.6, 0.6, 0.5, 0.8, 0.9, 0.8, 3.9, 1.7, 1.4, 1.5, 2.8, 2.2, 3.9, 1.9
***
Rojo Chiquito (Small Red,U,F)
GDD,        50,  20,  15,  25,  30,  25, 125,  60,  48,  50,  90,  70, 125,  60
GDDstress,  50,  20,  15,  25,  30,  25, 125,  55,  45,  48,  90,  70, 125,  60
LVS,       1.6, 0.6, 0.5, 0.8, 0.9, 0.8, 3.9, 1.9, 1.5, 1.6, 2.8, 2.2, 3.9, 1.9
LVSstress, 1.6, 0.6, 0.5, 0.8, 0.9, 0.8, 3.9, 1.7, 1.4, 1.5, 2.8, 2.2, 3.9, 1.9
***
Rosa (Pink,V,F)
GDD,        50,  20,  15,  25,  30,  25, 125,  60,  48,  50,  90,  70, 125,  60
GDDstress,  50,  20,  15,  25,  30,  25, 125,  55,  45,  48,  90,  70, 125,  60
LVS,       1.6, 0.6, 0.5, 0.8, 0.9, 0.8, 3.9, 1.9, 1.5, 1.6, 2.8, 2.2, 3.9, 1.9
LVSstress, 1.6, 0.6, 0.5, 0.8, 0.9, 0.8, 3.9, 1.7, 1.4, 1.5, 2.8, 2.2, 3.9, 1.9
***
Viva (Pink,V,F)
GDD,        50,  20,  15,  25,  30,  25, 125,  60,  48,  50,  90,  70, 125,  60
GDDstress,  50,  20,  15,  25,  30,  25, 125,  55,  45,  48,  90,  70, 125,  60
LVS,       1.6, 0.6, 0.5, 0.8, 0.9, 0.8, 3.9, 1.9, 1.5, 1.6, 2.8, 2.2, 3.9, 1.9
LVSstress, 1.6, 0.6, 0.5, 0.8, 0.9, 0.8, 3.9, 1.7, 1.4, 1.5, 2.8, 2.2, 3.9, 1.9
***
Black Rhino (Black,U,F)
GDD,        50,  20,  15,  25,  30,  25, 125,  60,  48,  50,  90,  70, 125,  60
GDDstress,  50,  20,  15,  25,  30,  25, 125,  55,  45,  48,  90,  70, 125,  60
LVS,       1.6, 0.6, 0.5, 0.8, 0.9, 0.8, 3.9, 1.9, 1.5, 1.6, 2.8, 2.2, 3.9, 1.9
LVSstress, 1.6, 0.6, 0.5, 0.8, 0.9, 0.8, 3.9, 1.7, 1.4, 1.5, 2.8, 2.2, 3.9, 1.9
***
Black Velvet (Black,U,F)
GDD,        50,  20,  15,  25,  30,  25, 125,  60,  48,  50,  90,  70, 125,  60
GDDstress,  50,  20,  15,  25,  30,  25, 125,  55,  45,  48,  90,  70, 125,  60
LVS,       1.6, 0.6, 0.5, 0.8, 0.9, 0.8, 3.9, 1.9, 1.5, 1.6, 2.8, 2.2, 3.9, 1.9
LVSstress, 1.6, 0.6, 0.5, 0.8, 0.9, 0.8, 3.9, 1.7, 1.4, 1.5, 2.8, 2.2, 3.9, 1.9
***
Condor (Black,U,F)
GDD,        50,  20,  15,  25,  30,  25, 125,  60,  48,  50,  90,  70, 125,  60
GDDstress,  50,  20,  15,  25,  30,  25, 125,  55,  45,  48,  90,  70, 125,  60
LVS,       1.6, 0.6, 0.5, 0.8, 0.9, 0.8, 3.9, 1.9, 1.5, 1.6, 2.8, 2.2, 3.9, 1.9
LVSstress, 1.6, 0.6, 0.5, 0.8, 0.9, 0.8, 3.9, 1.7, 1.4, 1.5, 2.8, 2.2, 3.9, 1.9
***
Eclipse (Black,U,F)
GDD,        50,  20,  15,  25,  30,  25, 125,  60,  48,  50,  90,  70, 125,  60
GDDstress,  50,  20,  15,  25,  30,  25, 125,  55,  45,  48,  90,  70, 125,  60
LVS,       1.6, 0.6, 0.5, 0.8, 0.9, 0.8, 3.9, 1.9, 1.5, 1.6, 2.8, 2.2, 3.9, 1.9
LVSstress, 1.6, 0.6, 0.5, 0.8, 0.9, 0.8, 3.9, 1.7, 1.4, 1.5, 2.8, 2.2, 3.9, 1.9
***
ISBT 39 (Black,V,F)
GDD,        50,  20,  15,  25,  30,  25, 125,  60,  48,  50,  90,  70, 125,  60
GDDstress,  50,  20,  15,  25,  30,  25, 125,  55,  45,  48,  90,  70, 125,  60
LVS,       1.6, 0.6, 0.5, 0.8, 0.9, 0.8, 3.9, 1.9, 1.5, 1.6, 2.8, 2.2, 3.9, 1.9
LVSstress, 1.6, 0.6, 0.5, 0.8, 0.9, 0.8, 3.9, 1.7, 1.4, 1.5, 2.8, 2.2, 3.9, 1.9
***
Jaguar (Black,U,F)
GDD,        50,  20,  15,  25,  30,  25, 125,  60,  48,  50,  90,  70, 125,  60
GDDstress,  50,  20,  15,  25,  30,  25, 125,  55,  45,  48,  90,  70, 125,  60
LVS,       1.6, 0.6, 0.5, 0.8, 0.9, 0.8, 3.9, 1.9, 1.5, 1.6, 2.8, 2.2, 3.9, 1.9
LVSstress, 1.6, 0.6, 0.5, 0.8, 0.9, 0.8, 3.9, 1.7, 1.4, 1.5, 2.8, 2.2, 3.9, 1.9
***
Jet Black (Black,V,F)
GDD,        50,  20,  15,  25,  30,  25, 125,  60,  48,  50,  90,  70, 125,  60
GDDstress,  50,  20,  15,  25,  30,  25, 125,  55,  45,  48,  90,  70, 125,  60
LVS,       1.6, 0.6, 0.5, 0.8, 0.9, 0.8, 3.9, 1.9, 1.5, 1.6, 2.8, 2.2, 3.9, 1.9
LVSstress, 1.6, 0.6, 0.5, 0.8, 0.9, 0.8, 3.9, 1.7, 1.4, 1.5, 2.8, 2.2, 3.9, 1.9
***
Midnight (Black,U,F)
GDD,        50,  20,  15,  25,  30,  25, 125,  60,  48,  50,  90,  70, 125,  60
GDDstress,  50,  20,  15,  25,  30,  25, 125,  55,  45,  48,  90,  70, 125,  60
LVS,       1.6, 0.6, 0.5, 0.8, 0.9, 0.8, 3.9, 1.9, 1.5, 1.6, 2.8, 2.2, 3.9, 1.9
LVSstress, 1.6, 0.6, 0.5, 0.8, 0.9, 0.8, 3.9, 1.7, 1.4, 1.5, 2.8, 2.2, 3.9, 1.9
***
Phantom (Black,U,L)
GDD,        50,  20,  15,  25,  30,  25, 150,  70,  52,  55,  95,  75,  160,  60
GDDstress,  50,  20,  15,  25,  30,  25, 150,  65,  50,  50,  95,  75,  160,  60
LVS,       1.6, 0.6, 0.5, 0.8, 0.9, 0.8, 4.7, 2.2, 1.6, 1.7, 3.0, 2.3,  5.0, 1.9
LVSstress, 1.6, 0.6, 0.5, 0.8, 0.9, 0.8, 4.7, 2.0, 1.6, 1.6, 3.0, 2.3,  5.0, 1.9
***
Raven (Black,U,L)
GDD,        50,  20,  15,  25,  30,  25, 150,  70,  52,  55,  95,  75,  160,  60
GDDstress,  50,  20,  15,  25,  30,  25, 150,  65,  50,  50,  95,  75,  160,  60
LVS,       1.6, 0.6, 0.5, 0.8, 0.9, 0.8, 4.7, 2.2, 1.6, 1.7, 3.0, 2.3,  5.0, 1.9
LVSstress, 1.6, 0.6, 0.5, 0.8, 0.9, 0.8, 4.7, 2.0, 1.6, 1.6, 3.0, 2.3,  5.0, 1.9
***
Shadow (Black,U,F)
GDD,        50,  20,  15,  25,  30,  25, 125,  60,  48,  50,  90,  70, 125,  60
GDDstress,  50,  20,  15,  25,  30,  25, 125,  55,  45,  48,  90,  70, 125,  60
LVS,       1.6, 0.6, 0.5, 0.8, 0.9, 0.8, 3.9, 1.9, 1.5, 1.6, 2.8, 2.2, 3.9, 1.9
LVSstress, 1.6, 0.6, 0.5, 0.8, 0.9, 0.8, 3.9, 1.7, 1.4, 1.5, 2.8, 2.2, 3.9, 1.9
***
Shiny Crow (Black,V,L)
GDD,        50,  20,  15,  25,  30,  25, 150,  70,  52,  55,  95,  75,  160,  60
GDDstress,  50,  20,  15,  25,  30,  25, 150,  65,  50,  50,  95,  75,  160,  60
LVS,       1.6, 0.6, 0.5, 0.8, 0.9, 0.8, 4.7, 2.2, 1.6, 1.7, 3.0, 2.3,  5.0, 1.9
LVSstress, 1.6, 0.6, 0.5, 0.8, 0.9, 0.8, 4.7, 2.0, 1.6, 1.6, 3.0, 2.3,  5.0, 1.9
***
UI 911 (Black,U,L)
GDD,        50,  20,  15,  25,  30,  25, 150,  70,  52,  55,  95,  75,  160,  60
GDDstress,  50,  20,  15,  25,  30,  25, 150,  65,  50,  50,  95,  75,  160,  60
LVS,       1.6, 0.6, 0.5, 0.8, 0.9, 0.8, 4.7, 2.2, 1.6, 1.7, 3.0, 2.3,  5.0, 1.9
LVSstress, 1.6, 0.6, 0.5, 0.8, 0.9, 0.8, 4.7, 2.0, 1.6, 1.6, 3.0, 2.3,  5.0, 1.9
***
Cabernet (Dark Red Kidney,B,F)                                      
GDD,        50,  20,  15,  25,  30,  25, 125,  60,  48,  50,  90,  70, 125,  60
GDDstress,  50,  20,  15,  25,  30,  25, 125,  55,  45,  48,  90,  70, 125,  60
LVS,       1.6, 0.6, 0.5, 0.8, 0.9, 0.8, 3.9, 1.9, 1.5, 1.6, 2.8, 2.2, 3.9, 1.9
LVSstress, 1.6, 0.6, 0.5, 0.8, 0.9, 0.8, 3.9, 1.7, 1.4, 1.5, 2.8, 2.2, 3.9, 1.9
***                                                                            
Canario 707 (Yellow,B,F)
GDD,        50,  20,  15,  25,  30,  25, 125,  60,  48,  50,  90,  70, 125,  60
GDDstress,  50,  20,  15,  25,  30,  25, 125,  55,  45,  48,  90,  70, 125,  60
LVS,       1.6, 0.6, 0.5, 0.8, 0.9, 0.8, 3.9, 1.9, 1.5, 1.6, 2.8, 2.2, 3.9, 1.9
LVSstress, 1.6, 0.6, 0.5, 0.8, 0.9, 0.8, 3.9, 1.7, 1.4, 1.5, 2.8, 2.2, 3.9, 1.9
***
CE-LRK (Light Red Kidney,B,M)                                         
GDD,        50,  20,  15,  25,  30,  25, 125,  60,  48,  50,  90,  70, 125,  60
GDDstress,  50,  20,  15,  25,  30,  25, 125,  55,  45,  48,  90,  70, 125,  60
LVS,       1.6, 0.6, 0.5, 0.8, 0.9, 0.8, 3.9, 1.9, 1.5, 1.6, 2.8, 2.2, 3.9, 1.9
LVSstress, 1.6, 0.6, 0.5, 0.8, 0.9, 0.8, 3.9, 1.7, 1.4, 1.5, 2.8, 2.2, 3.9, 1.9
***
Chardonay (Light Red Kidney,B,F)                                         
GDD,        50,  20,  15,  25,  30,  25, 125,  60,  48,  50,  90,  70, 125,  60
GDDstress,  50,  20,  15,  25,  30,  25, 125,  55,  45,  48,  90,  70, 125,  60
LVS,       1.6, 0.6, 0.5, 0.8, 0.9, 0.8, 3.9, 1.9, 1.5, 1.6, 2.8, 2.2, 3.9, 1.9
LVSstress, 1.6, 0.6, 0.5, 0.8, 0.9, 0.8, 3.9, 1.7, 1.4, 1.5, 2.8, 2.2, 3.9, 1.9
***
Chinook (Light Red Kidney,B,F)                                         
GDD,        50,  20,  15,  25,  30,  25, 125,  60,  48,  50,  90,  70, 125,  60
GDDstress,  50,  20,  15,  25,  30,  25, 125,  55,  45,  48,  90,  70, 125,  60
LVS,       1.6, 0.6, 0.5, 0.8, 0.9, 0.8, 3.9, 1.9, 1.5, 1.6, 2.8, 2.2, 3.9, 1.9
LVSstress, 1.6, 0.6, 0.5, 0.8, 0.9, 0.8, 3.9, 1.7, 1.4, 1.5, 2.8, 2.2, 3.9, 1.9
***
Enola (Yellow,B,F)                                         
GDD,        50,  20,  15,  25,  30,  25, 125,  60,  48,  50,  90,  70, 125,  60
GDDstress,  50,  20,  15,  25,  30,  25, 125,  55,  45,  48,  90,  70, 125,  60
LVS,       1.6, 0.6, 0.5, 0.8, 0.9, 0.8, 3.9, 1.9, 1.5, 1.6, 2.8, 2.2, 3.9, 1.9
LVSstress, 1.6, 0.6, 0.5, 0.8, 0.9, 0.8, 3.9, 1.7, 1.4, 1.5, 2.8, 2.2, 3.9, 1.9
***                                                                            
Foxfire (Light Red Kidney,B,M)                                         
GDD,        50,  20,  15,  25,  30,  25, 125,  60,  48,  50,  90,  70, 125,  60
GDDstress,  50,  20,  15,  25,  30,  25, 125,  55,  45,  48,  90,  70, 125,  60
LVS,       1.6, 0.6, 0.5, 0.8, 0.9, 0.8, 3.9, 1.9, 1.5, 1.6, 2.8, 2.2, 3.9, 1.9
LVSstress, 1.6, 0.6, 0.5, 0.8, 0.9, 0.8, 3.9, 1.7, 1.4, 1.5, 2.8, 2.2, 3.9, 1.9
***
Hooter (Cranberry,B,F)                                        
GDD,        50,  20,  15,  25,  30,  25, 125,  60,  48,  50,  90,  70, 125,  60
GDDstress,  50,  20,  15,  25,  30,  25, 125,  55,  45,  48,  90,  70, 125,  60
LVS,       1.6, 0.6, 0.5, 0.8, 0.9, 0.8, 3.9, 1.9, 1.5, 1.6, 2.8, 2.2, 3.9, 1.9
LVSstress, 1.6, 0.6, 0.5, 0.8, 0.9, 0.8, 3.9, 1.7, 1.4, 1.5, 2.8, 2.2, 3.9, 1.9
***
Myasi (Yellow,B,F)                                          
GDD,        50,  20,  15,  25,  30,  25, 125,  60,  48,  50,  90,  70, 125,  60
GDDstress,  50,  20,  15,  25,  30,  25, 125,  55,  45,  48,  90,  70, 125,  60
LVS,       1.6, 0.6, 0.5, 0.8, 0.9, 0.8, 3.9, 1.9, 1.5, 1.6, 2.8, 2.2, 3.9, 1.9
LVSstress, 1.6, 0.6, 0.5, 0.8, 0.9, 0.8, 3.9, 1.7, 1.4, 1.5, 2.8, 2.2, 3.9, 1.9
***                                                                             
Pink Panther (Light Red Kidney,B,F)                                         
GDD,        50,  20,  15,  25,  30,  25, 125,  60,  48,  50,  90,  70, 125,  60
GDDstress,  50,  20,  15,  25,  30,  25, 125,  55,  45,  48,  90,  70, 125,  60
LVS,       1.6, 0.6, 0.5, 0.8, 0.9, 0.8, 3.9, 1.9, 1.5, 1.6, 2.8, 2.2, 3.9, 1.9
LVSstress, 1.6, 0.6, 0.5, 0.8, 0.9, 0.8, 3.9, 1.7, 1.4, 1.5, 2.8, 2.2, 3.9, 1.9
***
Red Hawk (Dark Red Kidney,B,F)                                      
GDD,        50,  20,  15,  25,  30,  25, 125,  60,  48,  50,  90,  70, 125,  60
GDDstress,  50,  20,  15,  25,  30,  25, 125,  55,  45,  48,  90,  70, 125,  60
LVS,       1.6, 0.6, 0.5, 0.8, 0.9, 0.8, 3.9, 1.9, 1.5, 1.6, 2.8, 2.2, 3.9, 1.9
LVSstress, 1.6, 0.6, 0.5, 0.8, 0.9, 0.8, 3.9, 1.7, 1.4, 1.5, 2.8, 2.2, 3.9, 1.9
***
Sacramento (Light Red Kidney,B,M)                                         
GDD,        50,  20,  15,  25,  30,  25, 125,  60,  48,  50,  90,  70, 125,  60
GDDstress,  50,  20,  15,  25,  30,  25, 125,  55,  45,  48,  90,  70, 125,  60
LVS,       1.6, 0.6, 0.5, 0.8, 0.9, 0.8, 3.9, 1.9, 1.5, 1.6, 2.8, 2.2, 3.9, 1.9
LVSstress, 1.6, 0.6, 0.5, 0.8, 0.9, 0.8, 3.9, 1.7, 1.4, 1.5, 2.8, 2.2, 3.9, 1.9
***