This file contains all winter wheat cultivars used by Phenology MMS. The format is
      as follows:

*** 
<Variety name>
GDD,<StoE>,<EtoFirstT>,<JantoSR>,<SRtoDR>,<DRtoTS>,<TStoJ>,<JtoFLC>,<FLCtoH>,<HtoAS>,<AStoM>,<MtoHR>
GDDstress,<StoE>,<EtoFirstT>,<JantoSR>,<SRtoDR>,<DRtoTS>,<TStoJ>,<JtoFLC>,<FLCtoH>,<HtoAS>,<AStoM>,<MtoHR>
LVS,<StoE>,<EtoFirstT>,<JantoSR>,<SRtoDR>,<DRtoTS>,<TStoJ>,<JtoFLC>,<FLCtoH>,<HtoAS>,<AStoM>,<MtoHR>
LVSstress,<StoE>,<EtoFirstT>,<JantoSR>,<SRtoDR>,<DRtoTS>,<TStoJ>,<JtoFLC>,<FLCtoH>,<HtoAS>,<AStoM>,<MtoHR>
THREE ***  THE DATA BEGIN BELOW THIS LINE!!!


The data will be read after the line that contains 3 asterisks (***), which separates
each variety.

The line following the 3 asterisks line gives the variety name.

The next four lines give either the unstressed growing degree-days (first line), stressed
growing degree-days (second line), unstressed number of leaves (third line), or stressed
number of leaves (fourth line) for each of the intervals.

Each variety is separated by three asterisks.  

Type: HRW = Hard Red Winter; HWW = Hard White Winter
Maturity: EM = Early (1,2,3); MM = Medium (4,5,6); LM = Late (7,8,9)
Height: S = Short (1,2,3); M = Medium (4,5,6); T = Tall (7,8,9)     


***
Generic
GDD,       100, 200, 180, 125, 150,  30, 163, 145, 145, 735, 200
GDDstress, 150, 200, 180, 125, 145,  40, 123, 109, 131, 650, 125
LVS,       1.0, 1.9, 1.7, 1.2, 1.4, 0.3, 1.6, 1.4, 1.4, 7.0, 1.9
LVSstress, 1.4, 1.9, 1.7, 1.2, 1.4, 0.4, 1.2, 1.0, 1.2, 6.2, 1.2
***
Early Maturity
GDD,       100, 200, 180, 125, 150,  30, 140, 124, 145, 735, 200
GDDstress, 150, 200, 180, 125, 145,  40,  98,  86, 131, 650, 125
LVS,       1.0, 1.9, 1.7, 1.2, 1.4, 0.3, 1.3, 1.2, 1.4, 7.0, 1.9
LVSstress, 1.4, 1.9, 1.7, 1.2, 1.4, 0.4, 0.9, 0.8, 1.2, 6.2, 1.2
***
Medium Maturity
GDD,       100, 200, 180, 125, 150,  30, 163, 145, 145, 735, 200
GDDstress, 150, 200, 180, 125, 145,  40, 123, 109, 131, 650, 125
LVS,       1.0, 1.9, 1.7, 1.2, 1.4, 0.3, 1.6, 1.4, 1.4, 7.0, 1.9
LVSstress, 1.4, 1.9, 1.7, 1.2, 1.4, 0.4, 1.2, 1.0, 1.2, 6.2, 1.2
***
Late Maturity
GDD,       100, 200, 180, 125, 150,  30, 174, 154, 145, 735, 200
GDDstress, 150, 200, 180, 125, 145,  40, 137, 121, 131, 650, 125
LVS,       1.0, 1.9, 1.7, 1.2, 1.4, 0.3, 1.7, 1.5, 1.4, 7.0, 1.9
LVSstress, 1.4, 1.9, 1.7, 1.2, 1.4, 0.4, 1.3, 1.2, 1.2, 6.2, 1.2
***
Above (HRW,MM,M)
GDD,       100, 200, 180, 125, 150,  30, 163, 145, 145, 735, 200
GDDstress, 150, 200, 180, 125, 145,  40, 123, 109, 131, 650, 125
LVS,       1.0, 1.9, 1.7, 1.2, 1.4, 0.3, 1.6, 1.4, 1.4, 7.0, 1.9
LVSstress, 1.4, 1.9, 1.7, 1.2, 1.4, 0.4, 1.2, 1.0, 1.2, 6.2, 1.2
***
Ankor (HRW,MM,M)
GDD,       100, 200, 180, 125, 150,  30, 163, 145, 145, 735, 200
GDDstress, 150, 200, 180, 125, 145,  40, 123, 109, 131, 650, 125
LVS,       1.0, 1.9, 1.7, 1.2, 1.4, 0.3, 1.6, 1.4, 1.4, 7.0, 1.9
LVSstress, 1.4, 1.9, 1.7, 1.2, 1.4, 0.4, 1.2, 1.0, 1.2, 6.2, 1.2
***
Arlin (HRW,EM,S)
GDD,       100, 200, 180, 125, 150,  30, 140, 124, 145, 735, 200
GDDstress, 150, 200, 180, 125, 145,  40,  98,  86, 131, 650, 125
LVS,       1.0, 1.9, 1.7, 1.2, 1.4, 0.3, 1.3, 1.2, 1.4, 7.0, 1.9
LVSstress, 1.4, 1.9, 1.7, 1.2, 1.4, 0.4, 0.9, 0.8, 1.2, 6.2, 1.2
***
Avalanche (HWW,MM,M)
GDD,       100, 200, 180, 125, 150,  30, 163, 145, 145, 735, 200
GDDstress, 150, 200, 180, 125, 145,  40, 123, 109, 131, 650, 125
LVS,       1.0, 1.9, 1.7, 1.2, 1.4, 0.3, 1.6, 1.4, 1.4, 7.0, 1.9
LVSstress, 1.4, 1.9, 1.7, 1.2, 1.4, 0.4, 1.2, 1.0, 1.2, 6.2, 1.2
***
Baca (HRW,MM,T)
GDD,       100, 200, 180, 125, 150,  30, 163, 145, 145, 735, 200
GDDstress, 150, 200, 180, 125, 145,  40, 123, 109, 131, 650, 125
LVS,       1.0, 1.9, 1.7, 1.2, 1.4, 0.3, 1.6, 1.4, 1.4, 7.0, 1.9
LVSstress, 1.4, 1.9, 1.7, 1.2, 1.4, 0.4, 1.2, 1.0, 1.2, 6.2, 1.2
***
Bill Brown (HRW,MM,S)
GDD,       100, 200, 180, 125, 150,  30, 163, 145, 145, 735, 200
GDDstress, 150, 200, 180, 125, 145,  40, 123, 109, 131, 650, 125
LVS,       1.0, 1.9, 1.7, 1.2, 1.4, 0.3, 1.6, 1.4, 1.4, 7.0, 1.9
LVSstress, 1.4, 1.9, 1.7, 1.2, 1.4, 0.4, 1.2, 1.0, 1.2, 6.2, 1.2
***
BondCL (HRW,MM,M)
GDD,       100, 200, 180, 125, 150,  30, 163, 145, 145, 735, 200
GDDstress, 150, 200, 180, 125, 145,  40, 123, 109, 131, 650, 125
LVS,       1.0, 1.9, 1.7, 1.2, 1.4, 0.3, 1.6, 1.4, 1.4, 7.0, 1.9
LVSstress, 1.4, 1.9, 1.7, 1.2, 1.4, 0.4, 1.2, 1.0, 1.2, 6.2, 1.2
***
CO940610 (HWW,MM,T)
GDD,       100, 200, 180, 125, 150,  30, 163, 145, 145, 735, 200
GDDstress, 150, 200, 180, 125, 145,  40, 123, 109, 131, 650, 125
LVS,       1.0, 1.9, 1.7, 1.2, 1.4, 0.3, 1.6, 1.4, 1.4, 7.0, 1.9
LVSstress, 1.4, 1.9, 1.7, 1.2, 1.4, 0.4, 1.2, 1.0, 1.2, 6.2, 1.2
***
Danby (HWW,MM,M)
GDD,       100, 200, 180, 125, 150,  30, 163, 145, 145, 735, 200
GDDstress, 150, 200, 180, 125, 145,  40, 123, 109, 131, 650, 125
LVS,       1.0, 1.9, 1.7, 1.2, 1.4, 0.3, 1.6, 1.4, 1.4, 7.0, 1.9
LVSstress, 1.4, 1.9, 1.7, 1.2, 1.4, 0.4, 1.2, 1.0, 1.2, 6.2, 1.2
***
Goodstreak (HRW,MM,T)
GDD,       100, 200, 180, 125, 150,  30, 163, 145, 145, 735, 200
GDDstress, 150, 200, 180, 125, 145,  40, 123, 109, 131, 650, 125
LVS,       1.0, 1.9, 1.7, 1.2, 1.4, 0.3, 1.6, 1.4, 1.4, 7.0, 1.9
LVSstress, 1.4, 1.9, 1.7, 1.2, 1.4, 0.4, 1.2, 1.0, 1.2, 6.2, 1.2
***
Hatcher (HRW,MM,S)
GDD,       100, 200, 180, 125, 150,  30, 163, 145, 145, 735, 200
GDDstress, 150, 200, 180, 125, 145,  40, 123, 109, 131, 650, 125
LVS,       1.0, 1.9, 1.7, 1.2, 1.4, 0.3, 1.6, 1.4, 1.4, 7.0, 1.9
LVSstress, 1.4, 1.9, 1.7, 1.2, 1.4, 0.4, 1.2, 1.0, 1.2, 6.2, 1.2
***
Jagalene (HRW,MM,M)
GDD,       100, 200, 180, 125, 150,  30, 163, 145, 145, 735, 200
GDDstress, 150, 200, 180, 125, 145,  40, 123, 109, 131, 650, 125
LVS,       1.0, 1.9, 1.7, 1.2, 1.4, 0.3, 1.6, 1.4, 1.4, 7.0, 1.9
LVSstress, 1.4, 1.9, 1.7, 1.2, 1.4, 0.4, 1.2, 1.0, 1.2, 6.2, 1.2
***
Jagger (HRW,EM,M)
GDD,       100, 200, 180, 125, 150,  30, 140, 124, 145, 735, 200
GDDstress, 150, 200, 180, 125, 145,  40,  98,  86, 131, 650, 125
LVS,       1.0, 1.9, 1.7, 1.2, 1.4, 0.3, 1.3, 1.2, 1.4, 7.0, 1.9
LVSstress, 1.4, 1.9, 1.7, 1.2, 1.4, 0.4, 0.9, 0.8, 1.2, 6.2, 1.2
***
Keota (HRW,MM,M)
GDD,       100,  00, 180, 125, 150,  30, 163, 145, 145, 735, 200
GDDstress, 150, 200, 180, 125, 145,  40, 123, 109, 131, 650, 125
LVS,       1.0, 1.9, 1.7, 1.2, 1.4, 0.3, 1.6, 1.4, 1.4, 7.0, 1.9
LVSstress, 1.4, 1.9, 1.7, 1.2, 1.4, 0.4, 1.2, 1.0, 1.2, 6.2, 1.2
***
NuDakota (HWW,MM,S)
GDD,       100, 200, 180, 125, 150,  30, 163, 145, 145, 735, 200
GDDstress, 150, 200, 180, 125, 145,  40, 123, 109, 131, 650, 125
LVS,       1.0, 1.9, 1.7, 1.2, 1.4, 0.3, 1.6, 1.4, 1.4, 7.0, 1.9
LVSstress, 1.4, 1.9, 1.7, 1.2, 1.4, 0.4, 1.2, 1.0, 1.2, 6.2, 1.2
***
Platte (HWW,MM,S)
GDD,       100, 200, 180, 125, 150,  30, 163, 145, 145, 735, 200
GDDstress, 150, 200, 180, 125, 145,  40, 123, 109, 131, 650, 125
LVS,       1.0, 1.9, 1.7, 1.2, 1.4, 0.3, 1.6, 1.4, 1.4, 7.0, 1.9
LVSstress, 1.4, 1.9, 1.7, 1.2, 1.4, 0.4, 1.2, 1.0, 1.2, 6.2, 1.2
***
Prairie Red (HRW,MM,S)
GDD,       100, 200, 180, 125, 150,  30, 163, 145, 145, 735, 200
GDDstress, 150, 200, 180, 125, 145,  40, 123, 109, 131, 650, 125
LVS,       1.0, 1.9, 1.7, 1.2, 1.4, 0.3, 1.6, 1.4, 1.4, 7.0, 1.9
LVSstress, 1.4, 1.9, 1.7, 1.2, 1.4, 0.4, 1.2, 1.0, 1.2, 6.2, 1.2
***
Prowers 99 (HRW,LM,T)
GDD,       100, 200, 180, 125, 150,  30, 174, 154, 145, 735, 200
GDDstress, 150, 200, 180, 125, 145,  40, 137, 121, 131, 650, 125
LVS,       1.0, 1.9, 1.7, 1.2, 1.4, 0.3, 1.7, 1.5, 1.4, 7.0, 1.9
LVSstress, 1.4, 1.9, 1.7, 1.2, 1.4, 0.4, 1.3, 1.2, 1.2, 6.2, 1.2
***
Ripper (HRW,EM,M)
GDD,       100, 200, 180, 125, 150,  30, 140, 124, 145, 735, 200
GDDstress, 150, 200, 180, 125, 145,  40,  98,  86, 131, 650, 125
LVS,       1.0, 1.9, 1.7, 1.2, 1.4, 0.3, 1.3, 1.2, 1.4, 7.0, 1.9
LVSstress, 1.4, 1.9, 1.7, 1.2, 1.4, 0.4, 0.9, 0.8, 1.2, 6.2, 1.2
***
RonL (HWW,MM,S)
GDD,       100, 200, 180, 125, 150,  30, 163, 145, 145, 735, 200
GDDstress, 150,  00, 180, 125, 145,  40, 123, 109, 131, 650, 125
LVS,       1.0, 1.9, 1.7, 1.2, 1.4, 0.3, 1.6, 1.4, 1.4, 7.0, 1.9
LVSstress, 1.4, 1.9, 1.7, 1.2, 1.4, 0.4, 1.2, 1.0, 1.2, 6.2, 1.2
***
Sandy (HRW,MM,T)
GDD,       100, 200, 180, 125, 150,  30, 163, 145, 145, 735, 200
GDDstress, 150, 200, 180, 125, 145,  40, 123, 109, 131, 650, 125
LVS,       1.0, 1.9, 1.7, 1.2, 1.4, 0.3, 1.6, 1.4, 1.4, 7.0, 1.9
LVSstress, 1.4, 1.9, 1.7, 1.2, 1.4, 0.4, 1.2, 1.0, 1.2, 6.2, 1.2
***
Snowmass (HWW,LM,M)
GDD,       100, 200, 180, 125, 150,  30, 174, 154, 145, 735, 200
GDDstress, 150, 200, 180, 125, 145,  40, 137, 121, 131, 650, 125
LVS,       1.0, 1.9, 1.7, 1.2, 1.4, 0.3, 1.7, 1.5, 1.4, 7.0, 1.9
LVSstress, 1.4, 1.9, 1.7, 1.2, 1.4, 0.4, 1.3, 1.2, 1.2, 6.2, 1.2
***
TAM112 (HRW,EM,M)
GDD,       100, 200, 180, 125, 150,  30, 140, 124, 145, 735, 200
GDDstress, 150, 200, 180, 125, 145,  40,  98,  86, 131, 650, 125
LVS,       1.0, 1.9, 1.7, 1.2, 1.4, 0.3, 1.3, 1.2, 1.4, 7.0, 1.9
LVSstress, 1.4, 1.9, 1.7, 1.2, 1.4, 0.4, 0.9, 0.8, 1.2, 6.2, 1.2
***
Yuma (HRW,MM,S)
GDD,       100, 200, 180, 125, 150,  30, 163, 145, 145, 735, 200
GDDstress, 150, 200, 180, 125, 145,  40, 123, 109, 131, 650, 125
LVS,       1.0, 1.9, 1.7, 1.2, 1.4, 0.3, 1.6, 1.4, 1.4, 7.0, 1.9
LVSstress, 1.4, 1.9, 1.7, 1.2, 1.4, 0.4, 1.2, 1.0, 1.2, 6.2, 1.2
***
2137
GDD,       100, 200, 180, 125, 150,  30, 163, 145, 145, 735, 200
GDDstress, 150, 200, 180, 125, 145,  40, 123, 109, 131, 650, 125
LVS,       1.0, 1.9, 1.7, 1.2, 1.4, 0.3, 1.6, 1.4, 1.4, 7.0, 1.9
LVSstress, 1.4, 1.9, 1.7, 1.2, 1.4, 0.4, 1.2, 1.0, 1.2, 6.2, 1.2
***
Akron
GDD,       100, 200, 180, 125, 150,  30, 163, 145, 145, 735, 200
GDDstress, 150, 200, 180, 125, 145,  40, 123, 109, 131, 650, 125
LVS,       1.0, 1.9, 1.7, 1.2, 1.4, 0.3, 1.6, 1.4, 1.4, 7.0, 1.9
LVSstress, 1.4, 1.9, 1.7, 1.2, 1.4, 0.4, 1.2, 1.0, 1.2, 6.2, 1.2
***
Alliance
GDD,       100, 200, 180, 125, 150,  30, 163, 145, 145, 735, 200
GDDstress, 150, 200, 180, 125, 145,  40, 123, 109, 131, 650, 125
LVS,       1.0, 1.9, 1.7, 1.2, 1.4, 0.3, 1.6, 1.4, 1.4, 7.0, 1.9
LVSstress, 1.4, 1.9, 1.7, 1.2, 1.4, 0.4, 1.2, 1.0, 1.2, 6.2, 1.2
***
Centurk
GDD,       100, 200, 180, 125, 150,  30, 163, 145, 145, 735, 200
GDDstress, 150, 200, 180, 125, 145,  40, 123, 109, 131, 650, 125
LVS,       1.0, 1.9, 1.7, 1.2, 1.4, 0.3, 1.6, 1.4, 1.4, 7.0, 1.9
LVSstress, 1.4, 1.9, 1.7, 1.2, 1.4, 0.4, 1.2, 1.0, 1.2, 6.2, 1.2
***
Halt
GDD,       100, 200, 180, 125, 150,  30, 163, 145, 145, 735, 200
GDDstress, 150, 200, 180, 125, 145,  40, 123, 109, 131, 650, 125
LVS,       1.0, 1.9, 1.7, 1.2, 1.4, 0.3, 1.6, 1.4, 1.4, 7.0, 1.9
LVSstress, 1.4, 1.9, 1.7, 1.2, 1.4, 0.4, 1.2, 1.0, 1.2, 6.2, 1.2
***
Heyne
GDD,       100, 200, 180, 125, 150,  30, 163, 145, 145, 735, 200
GDDstress, 150, 200, 180, 125, 145,  40, 123, 109, 131, 650, 125
LVS,       1.0, 1.9, 1.7, 1.2, 1.4, 0.3, 1.6, 1.4, 1.4, 7.0, 1.9
LVSstress, 1.4, 1.9, 1.7, 1.2, 1.4, 0.4, 1.2, 1.0, 1.2, 6.2, 1.2
***
Larned
GDD,       100, 200, 180, 125, 150,  30, 163, 145, 145, 735, 200
GDDstress, 150, 200, 180, 125, 145,  40, 123, 109, 131, 650, 125
LVS,       1.0, 1.9, 1.7, 1.2, 1.4, 0.3, 1.6, 1.4, 1.4, 7.0, 1.9
LVSstress, 1.4, 1.9, 1.7, 1.2, 1.4, 0.4, 1.2, 1.0, 1.2, 6.2, 1.2
***
Norstar
GDD,       100, 200, 180, 125, 150,  30, 163, 145, 145, 735, 200
GDDstress, 150, 200, 180, 125, 145,  40, 123, 109, 131, 650, 125
LVS,       1.0, 1.9, 1.7, 1.2, 1.4, 0.3, 1.6, 1.4, 1.4, 7.0, 1.9
LVSstress, 1.4, 1.9, 1.7, 1.2, 1.4, 0.4, 1.2, 1.0, 1.2, 6.2, 1.2
***
Scout 66
GDD,       100, 200, 180, 125, 150,  30, 163, 145, 145, 735, 200
GDDstress, 150, 200, 180, 125, 145,  40, 123, 109, 131, 650, 125
LVS,       1.0, 1.9, 1.7, 1.2, 1.4, 0.3, 1.6, 1.4, 1.4, 7.0, 1.9
LVSstress, 1.4, 1.9, 1.7, 1.2, 1.4, 0.4, 1.2, 1.0, 1.2, 6.2, 1.2
***
Siouxland
GDD,       100, 200, 180, 125, 150,  30, 163, 145, 145, 735, 200
GDDstress, 150, 200, 180, 125, 145,  40, 123, 109, 131, 650, 125
LVS,       1.0, 1.9, 1.7, 1.2, 1.4, 0.3, 1.6, 1.4, 1.4, 7.0, 1.9
LVSstress, 1.4, 1.9, 1.7, 1.2, 1.4, 0.4, 1.2, 1.0, 1.2, 6.2, 1.2
***
TAM 107
GDD,       100, 200, 180, 125, 150,  30, 163, 145, 145, 735, 200
GDDstress, 150, 200, 180, 125, 145,  40, 123, 109, 131, 650, 125
LVS,       1.0, 1.9, 1.7, 1.2, 1.4, 0.3, 1.6, 1.4, 1.4, 7.0, 1.9
LVSstress, 1.4, 1.9, 1.7, 1.2, 1.4, 0.4, 1.2, 1.0, 1.2, 6.2, 1.2
***
Yumar
GDD,       100, 200, 180, 125, 150,  30, 163, 145, 145, 735, 200
GDDstress, 150, 200, 180, 125, 145,  40, 123, 109, 131, 650, 125
LVS,       1.0, 1.9, 1.7, 1.2, 1.4, 0.3, 1.6, 1.4, 1.4, 7.0, 1.9
LVSstress, 1.4, 1.9, 1.7, 1.2, 1.4, 0.4, 1.2, 1.0, 1.2, 6.2, 1.2
***